12.18400782162798
1.1333242850101952
16.228994406854675
4.421699496861996
9.235769145926627
13.032153099130529
9.213167220639276
10.6384692358162
0.5784243024606022
5.329875343377798
22.670434171860133
5.997437153726077
20.920091510915153
0.5195868917556391
18.288720969974285
22.328422957338184
2.6873600060597944
10.589962914331416
0.3561535566277394
12.071721133704266
22.827272447717103
0.5273761312483247
24.099538666064483
0.6324506094796425
0.11603672493504637
1.8862741118438917
11.256570863753467
4.895021396759768
17.192868466141793
17.044190678823384
15.192814130857812
8.756709601528511
8.156014399993142
15.34914279870944
1.6211451553822558
2.416301358520022
4.667464191659818
7.329108428606991
0.641993108814686
12.656425414001891
6.941420182784168
5.116051776775434
4.812240510200959
7.260288257163298
21.940028758355435
0.0545833628439657
17.921751733240693
8.250462996396543
3.585657668006678
8.041549851320553
10.354256345388064
0.46893011028006737
1.5846547400769357
0.6804834285524082
14.698897098194951
12.509996133943648
19.652060346828467
0.2907894443244691
0.31047763990736427
6.849542256616019
7.103000004721664
13.974964355452283
2.4345894457064317
18.133613677249556
1.5077537888873913
2.403499131220635
40.00889532449414
7.542570706154067
5.994380462244115
2.680546681384279
5.542008803550632
6.263574269058628
0.3504492430508646
10.842041887364868
8.689405392739785
1.365071327604551
7.928982176888269
8.476916066743186
3.009051041269888
11.50902215241562
6.774861227804708
1.66835427599879
5.912633482865765
6.953875050085903
5.498153866410927
8.664010058775181
10.527334110557964
1.0144788800651363
6.45589571276744
9.54756357096077
4.3112455001793215
27.09489283035325
1.8242802233138355
19.77801263416795
15.224854893090543
1.168735325977767
5.740399295430399
4.656628800054959
0.08037621607624454
17.085915446821872
23.005399904760232
34.190574294604595
2.942974724026106
7.317530252730164
2.527838114830007
20.18611083230196
1.148500261613095
0.5413522090105911
6.731982608251309
3.264290512031752
2.019016630719222
5.492526365535198
3.425078851846293
3.549007463490107
4.878743910346707
11.196777263950953
1.7729362579952346
32.31095836569038
21.42955412969133
2.9756463589416593
17.865820721351774
5.192818026064466
3.51392626236834
5.305590401295534
6.9662679311689395
0.6822089719858883
9.415754127908345
6.19808565938982
2.4552766478423633
4.311778937224003
9.241898665311668
7.849587933803659
0.9402625182184048
10.049276568800405
7.214018857380381
0.6161520178032446
17.739448539094965
5.662264180313054
27.544568809824234
2.3435133451531955
15.055010736466766
4.658072810670632
13.814608429432989
2.0223720992952705
2.3135737347613476
0.786486626367215
1.36364219167279
0.892349888105297
4.144251569306017
3.071563885953662
5.524141500238474
3.814458642273121
0.7978583654282594
3.907264817801952
21.48332060343932
0.8711176951286838
50.11803895617923
2.0902020027113046
17.709102702161413
15.641702732389774
11.634751069729628
15.861953430735426
1.113128189753225
6.052687020165086
0.5771748755259138
4.974263896309241
1.1974442447344433
15.695966346382953
7.459938416654255
17.374684656352674
24.47648758762458
6.300196484839351
12.204411665444919
5.2215438219221735
4.314762612754304
27.253249517893895
3.7424164858444264
2.7069459606374133
2.025031696763446
8.270167008018621
9.372640049449963
13.897332950350766
11.783102827315282
1.6786796578221508
22.14087919168357
60.28679039313951
1.6789887763849998
9.726909121163871
24.68061232059608
6.931007042240736
0.11366172229420547
6.207659963988563
4.780965702763452
11.046074086039317
5.45303119974818
14.7260689897585
18.997182872039936
8.525211859655382
2.828297133940266
17.675971317843228
12.408616486077811
5.411545843027856
4.384985643381355
19.40307944212143
24.220191060938614
3.909534465708898
4.582396653981605
2.661218874663462
5.444373365638853
0.25300853584725636
15.588112678430164
7.100346610320286
5.337513190711713
14.457732423474795
10.534097162580506
10.435390316610516
3.8616977100474115
1.1418519050225138
6.802295515690393
5.645190699829159
21.272572049205078
7.702824007951499
11.886463044156466
6.705512613767439
5.483424002424464
7.618957775306785
14.715354170576383
4.064090568867
7.419700526864452
5.873795975616125
4.479190263162404
16.720120170782376
2.4858173392862137
12.882714814044594
2.589490964157053
10.377734711813174
16.44896604195686
1.5956038223722926
8.495763583361962
3.268038635811222
2.5412009244943103
4.0455716846138365
7.543990109098507
25.84732085141409
18.759239636230255
4.57580773681555
10.75853945847987
10.957066128306463
4.331998890041326
6.701922832266719
11.564094857118905
9.326721566597264
1.4972213947398796
11.186076761133032
11.214832950523505
6.06652064006397
7.96206060808453
8.95410314745024
2.150530387610618
6.948203222104143
19.70087918302777
12.309672738563124
20.659180991263266
14.835205318137723
14.828773584807847
4.516668290297452
0.932168572785177
2.0168421801510554
13.533038192446536
5.6228465999121315
3.3496766918161387
12.479855034432754
2.138389065692387
9.648922102495867
12.31936356854378
2.044423559095423
2.94945557332877
12.735268771252418
0.5944103958581156
16.54655261754106
2.7187786833955636
37.8335135071524
13.04729134395383
10.29309237738725
9.684802849640677
5.746444574971928
0.21756665918151588
2.232020503577374
20.295988597581275
6.425586521216883
15.70400678508502
15.71412664194154
19.742955727511628
14.507842406917451
10.133861642627885
14.011343089625651
1.943047674545386
15.684393223214837
14.651884858843818
6.4597207851540395
25.96535810716363
5.878039156244574
3.2435274272933894
1.9579164404170677
2.2584577694961188
8.449105643974727
6.450312392454826
8.141256332021744
9.198744861942535
2.4243236673988466
7.2846284430232515
23.111021538817273
8.630361354283867
0.17662203326033615
5.057420845918713
22.644444273991958
13.187169443462427
8.724391445090927
20.621740188652574
2.807864698891813
4.722783183210552
15.003844976273072
13.173101211175473
3.4344082486839094
37.27085042712585
12.757773587481779
1.760012045945745
1.862074337049994
3.2476250998330936
14.976327826838368
16.67127787911897
7.571925105793107
1.05782735302371
1.3845048468664918
5.627846278855555
9.612107598443492
26.922368602411503
7.233189585899062
12.052358546038825
6.442927637583729
8.42687483121985
4.419702387186757
1.3731330992430915
2.6079663219399176
1.5308035588753108
0.07566554130448523
7.9766466396518805
15.757813625837368
23.719397223148434
23.620752036091766
31.16261812389145
35.120795543760366
2.4824857962877607
4.315165235610337
49.033788105877505
15.491375995329676
0.9265574590688987
1.4745757167893958
8.643650347680309
26.465112606128773
10.885098054498934
9.728332100258458
10.708216059778612
5.72001837918339
32.360144358970786
15.296536450866645
1.4976989622861394
4.039959911988466
0.024571050601433112
8.781488784237814
9.068025667350977
8.255242888341519
5.538622560715876
5.029087981674333
2.799336028470245
7.727818969841655
5.954092835461821
5.136620287926453
2.16059746605679
15.651475890645765
22.364203859301625
17.107100846000666
20.40198068623585
7.9040556249293505
12.483200905877293
4.108029479736238
19.933858987386717
11.420250229607944
2.8628066241133054
7.872013860355813
4.494542491366799
3.5080634909681714
1.238544219578934
1.5724563830152218
8.759832354361691
2.1541808685340715
3.916774748279802
7.131368520130503
6.277495127278763
15.238330245182055
19.848139087595364
9.905143033679723
0.9766922514772457
5.151662952134387
9.788173857504628
12.204829571167092
0.7744299478651999
14.563736871692983
0.9825806240970493
8.230190110338238
3.53708293566253
0.9104572461673853
16.46417644147271
10.977378602216344
1.259120906221804
9.453394304770812
1.0700688737748822
31.838084079034555
2.1919325404672803
9.735241198546001
1.7130316502183645
11.974156410417628
15.757580697523103
7.099416582814284
16.86569204573357
5.1402269442357005
4.907304149888056
3.7321469064996253
0.539934615118126
5.287883987801018
0.5001318147970397
1.5122139171897377
5.665342191589997
20.974624696079335
32.88834698652139
0.6742413241970062
1.8588961122743932
25.27491924047595
0.28094664355270643
7.837393536449133
17.4459035083483
4.356711179735487
4.2808579472982675
0.8270684212161982
25.948296147316384
15.754719866438567
21.71760986053238
12.047295557923563
0.7987438571035319
0.5780663375499664
5.152056635035417
24.650907911740752
5.066158494424771
8.694724436995974
1.9868214534150843
1.5578381954990437
3.3459712165751307
1.742613036777584
17.475014958048966
1.4067190937314922
12.84798753933301
7.564410888033375
13.989911580534537
9.104874426351754
6.765107450721878
4.364783916997279
11.788017249227423
4.6931463366273745
12.767468893435758
16.86612179715953
16.27527220337195
5.52174148181305
4.66444103383666
7.017546661624186
10.951528655369673
8.589316218568575
2.6216226104716838
4.570530955015906
8.479768895772198
5.493915351811944
0.41933691683698954
4.725603191201636
2.24042172706094
10.819305902511482
5.436224034812369
1.8011190716600995
17.455085402300256
2.7103100470224084
1.0687205543587732
1.3639229264411192
15.974760924760638
24.914655628005093
0.5077851580070291
8.033094150513893
0.8360461233153914
5.373357640711434
17.0669909906939
0.38720642352803825
1.1509352854869543
27.222589215492135
6.030497981112813
27.31797370718285
2.6963021813786705
21.810266630003134
0.2290482646614188
11.983795000793677
6.234249666220302
14.137853087456921
12.346515653932133
29.171863952241846
0.6978610727735968
4.991097506819717
1.2996796533053014
9.446353309798491
1.2610078877881106
10.750052761699996
3.196480798743357
24.725050995622745
13.59270787169923
1.5508999010027555
4.223513502458643
26.23753864268375
3.3452261116953568
11.71874641946938
0.5279154423897157
2.733551972004773
3.8660634064409054
13.116787197868922
0.8425609085699513
15.131036324965834
13.944846955117123
22.941463465286866
10.862688572417534
39.05079591481655
21.82250469309868
0.728648553727057
29.230401464334307
5.590273693517645
10.877882751279124
21.170475130510376
5.031038881792509
16.027771143433057
15.549674690818092
23.82854203081959
27.591135127171103
2.0299320106822156
13.471874423370922
0.5124128189948186
0.989958015135793
0.5104319557182205
1.3612719767468848
1.7108681925542535
15.947116172770821
17.321422130685523
0.35159839864288
16.742845261122376
37.76982570334272
9.99178135867533
6.166747789771893
1.1320614942847695
6.433426884176353
32.57634460797503
0.0011333717344673329
6.886954217749882
1.3819889199183666
27.32007801504001
4.898961038053048
3.082404051702252
3.2397926616596404
9.075516217120951
5.97079518215994
13.634444810803927
1.8476075954443059
36.10682024509943
6.080914581544977
4.704733832873702
1.1367601846002777
15.538798257597378
12.21930149251933
12.659338683275346
4.040520535926363
7.79799826631772
8.42192112949393
20.95322033269546
22.918587909709434
2.152504406519072
0.008619687103637235
3.9019473659883115
36.27543326056791
46.62548777826619
18.032711965978304
18.42044862551045
1.2076181973526725
24.250235316360815
28.526470990050004
3.636638052858019
2.5032352016866684
30.49870015891247
7.557802031029587
1.7116322182520158
27.550426976314597
20.06909331210162
8.8839423468822
23.043626426230624
3.549673120314429
1.2273536871965027
9.722915151636473
6.813565549954993
7.456855308777547
11.35591912899822
6.146923784925093
5.706072538406221
13.449410041280572
21.177830946007678
0.26091653754056304
3.891700471259126
5.959606303164936
14.273756186720119
7.473300671265799
0.2231715549517088
7.069835209033216
6.745343909597451
7.7085772972565225
0.16559458368833113
1.8720241826374762
0.693859801919182
0.035985179895794216
3.063492909305226
14.144237175744356
41.90865074856149
1.2270352654813197
16.97414269911977
2.4031316348228473
14.218304460785953
6.646386519106794
9.345965449583593
13.537597501612343
0.41965198122627806
31.192277281218992
2.0004966231139796
4.561477074446277
12.175714374415055
13.872560050785477
14.202808808746104
1.060648032210526
8.548121128491463
7.690870385009349
16.09615344739631
0.5866226339795083
8.218708863956985
3.302294032427675
3.656847988365646
7.6474584205311515
10.973358584690056
8.426197177449874
3.618674945355544
14.477732031461334
21.83276149950202
3.8353558338948774
6.148256343352726
9.404052145932289
1.7976158805294418
7.764401959344294
5.808706364365791
0.9447073023872437
7.139471953796676
57.81287732798535
7.883222228341346
2.0556453871603244
0.5346465253343883
3.160402456149684
2.901664076147104
19.192434400161783
1.042519027157897
21.203859945769615
11.401977087179084
12.670958512840024
5.3586597659527335
11.783364794773153
7.332955704165344
4.244946314597718
11.255373789304521
29.80157592282613
14.017295792389435
5.533830717056828
9.292223051716332
13.873398816444592
7.3010604120839115
9.23715414056344
7.27330451469739
19.339380650285392
10.192593070240417
0.7082214928753451
27.72161459501799
1.5321024496355118
18.50535977870922
3.829975091880655
10.98185223971559
49.14357836816667
3.211009063407725
18.80825906289555
0.07552127744063805
3.647506294899757
18.764035760082407
14.852709392388341
0.21327960906605514
12.105126067211511
0.23424040264198878
10.37243659928781
6.423140634999394
19.093135162866474
32.30269565137888
23.433486043283796
12.197447611104904
10.910438604438585
6.147129032674376
9.919170208447735
22.322928439760126
4.624928592017806
25.497297829003088
4.593544743392413
2.2071380022583735
3.426367855855665
6.686514988738349
29.209713633260826
28.877945388251977
3.4772364840072827
11.929466908909383
2.844470041682683
5.728212609551053
11.00323539222153
5.8909421278378895
0.1761200754370167
1.5405175322683657
2.923606276565
9.47899520634974
13.54478728677767
18.253130997390777
4.627220127096802
8.873424402027045
11.063421366206592
20.208137494631412
1.175123066032073
43.52899609972245
43.39534913128762
47.22150846325897
2.1873286508019567
1.2578912272270206
1.0661623737064532
3.659557099666184
9.078578605760558
3.249286933486463
19.718813877653318
5.708683547305418
9.947678933755435
10.420167974480105
5.750994588702349
10.56172394190596
2.7888644213440683
7.446441128981039
5.1567265572897325
15.633399497500767
9.194065498790291
14.152851583009937
4.402026239206874
10.177267814748035
0.4490828772175063
9.901207486100487
2.429154627514476
1.860332994070239
18.311341513848213
0.5412952465797037
0.4464244303480655
3.0073839148379222
0.1915941442197444
12.598424089632525
35.09296413633499
9.100226699794852
22.055964924442037
19.869522484133157
6.33587219652725
3.014903186908681
9.89821241804267
10.542942337405414
21.747794079625756
23.622864347105065
8.891402257054482
6.766129417813335
12.981875734731094
13.350292977843068
12.336397814242403
5.839805610084026
16.644263627692016
3.7868490317831336
8.508298339646682
11.109833309720035
28.104090603394546
28.228806947513455
4.653772996652287
0.9123912865301624
3.000744488231055
11.044070787851117
1.2020699481080024
9.598519620336505
36.473992617391445
1.285913191785041
0.48821994354268616
1.422504092431862
7.994070338822262
0.3221055983260561
4.268999572413255
18.745542746648784
31.485113082060447
67.4130660882385
9.21116676690192
34.80090052949626
22.694312099056525
1.3497377927701728
12.363308459888895
10.435332905693876
4.2864892499363645
2.4092960702400585
2.4800509694220065
10.355397426037026
0.7964622211344827
16.580115407762065
1.2756162165452058
20.113814133445338
0.5844207799659713
17.63084231970508
6.528891310742492
12.803144972250758
0.6068483395432065
8.331637079694943
2.773585617697623
5.15514516173048
18.9269186146672
13.190617383671214
16.506459612443255
6.067759163637408
12.001553745655055
12.812599748596574
20.31851493343648
8.645836801793262
0.5528448301348287
7.80439080895745
2.8273414597822017
3.8116917184806116
4.757705733222638
19.850450578745146
2.72705494639415
3.1264005389102536
3.4673534290059917
3.885773005283238
2.364346195844625
10.590743346575175
2.3860492448972135
10.145745150384265
18.96134834553854
6.042714580756215
13.97255556568232
2.6867924278793205
11.514799824118697
42.880789083473864
2.0735644539392046
30.635420782332325
0.7791256757495766
9.157682131733157
2.570462167873785
29.410236040061456
0.1906723184536082
2.910700243675511
4.500344207675405
2.7997896124284742
10.114725603440267
0.10192568647253952
27.429384933319408
4.75391984388163
3.3997157203269617
57.618243448486666
51.63420664200194
3.4924963026237443
13.902168836767467
0.5649704342468377
20.13079649823315
1.6537020106644071
19.927091479782476
3.5971391070942182
2.395522142507817
17.638048657351156
7.003458598902753
26.9915234404205
1.3586270962742297
17.04022718221536
10.781417869130763
39.988938900456816
9.627887376291174
17.55533554572804
14.09958834022965
4.520078644822662
8.29505538425808
11.780295239781513
2.5353081191520404
3.7328837507604895
24.7913184101952
3.482992751484635
10.530657390318288
4.5801673673008505
10.121042361960566
24.237070111451203
9.354927670537887
4.007364062217286
6.355581061201353
26.499453706648673
7.399091458583729
0.2953449593585579
3.5529811960410127
0.3370472002723448
12.089454627339542
6.591667777713636
4.852802477976047
26.36546497095264
14.485476601723612
23.39812863696126
4.756193206869249
3.203095796704074
6.32675762059674
1.4770056815665635
6.754920796195728
20.502817705571104
36.62631330342364
6.223378549305599
12.130003625570527
2.588517488701547
3.0123963986035216
2.887190133344857
4.552585260891643
5.3831793167334885
5.4568348771574655
13.41717171040898
34.79469245380989
10.55348959859497
1.5401809313365615
2.3698047972541487
2.7158758975123205
3.0479645665897865
10.686004812125427
0.5788271019809685
1.09073500384803
10.772698056624002
26.541891079865586
10.031909257211591
5.446964974538082
9.130947118913054
17.359096523884347
7.463730930145496
9.194465322151366
5.335356138868585
4.152384304363727
10.168304016891552
9.832898892258198
59.819515489963315
33.23014499053178
11.345627462773253
1.0922734877326992
1.6898389925952344
6.4430834278185305
21.91528257294909
3.5520121504667874
6.499961933399727
5.009824475181961
5.233485066146279
2.1774350753246683
1.7833346702307407
7.886375241205661
5.276274017835791
17.239640145274638
2.1595956727855703
30.80759633839207
1.247661167269762
2.015375068167668
37.37822105861572
7.5436037696447205
39.416778355555834
2.5837128556627436
34.614557845015085
11.577276867110015
13.05401621571882
4.0154694341071515
37.66482551721341
2.219900720776083
9.26982131942836
15.491879055585585
10.030485453473961
2.8950086351545643
29.353999264128767
17.55341687542712
1.880442136888583
11.865679015941858
4.420047174046433
8.880685387262915
22.545116222406993
1.6247297824402473
27.96221387788482
5.953529598004596
14.097860260411545
8.838929127446956
9.892927589736939
39.29744452165344
2.0966112064943623
7.798111970250085
4.025843265307699
11.677226708223827
16.57342245837969
1.0741471227928974
7.571285894671
7.08692248269986
13.272318248783677
2.688378910584344
1.8856723584156099
18.289200231279988
2.294943232661859
30.11179453579669
0.1860308610217615
12.062220708280975
14.266719845499345
1.6883310829121867
3.0407520303132696
3.1385682211472825
8.589856056392374
28.44805889200789
35.9645181396015
18.56987555584427
9.35945274697022
4.032765647711465
0.14050006436248383
23.23037869117906
26.67928186769453
3.734710551590228
3.5734022998479187
9.057811678825754
2.1293808264742347
2.7796965340245228
13.032616313077387
10.006384268422062
2.8519880596512
6.121138124102999
16.70097862189295
0.8257764593130981
0.12294435484601807
0.49111980878285344
30.68519743886884
2.0204745512786895
1.7243501479027605
7.075020149052365
5.209481298141544
16.82771534840104
12.05936031112805
0.36536126195523155
3.8712533856811815
10.321255878994009
7.576568898167148
23.320993728223193
18.75758711445681
9.498834500017
16.40103969517523
4.084017449642355
0.14338952360549706
11.778124414745836
8.54350452946169
28.9203352948864
1.6205967727058603
3.7488384589778354
3.4063030837622135
12.153500121067715
14.74082899154313
2.725301677621092
14.990868872864354
33.0882807556642
4.498543083360509
31.654412236974068
27.293661081810416
29.587593975244367
0.7514606360750085
54.8368725085611
15.418101947849184
8.410728584488607
3.0538577182929654
16.9227246653686
10.741704125585605
3.4685099327539604
25.321896617296975
2.4237367195269583
0.6595609758672272
1.5820582775539658
2.9607234094369144
4.095061128638519
5.1952661341172215
13.62877424967353
4.423772228922581
8.868551010262232
23.41194315668872
7.868294305786202
6.727890972440863
26.338161815912503
1.2955614911621391
3.0842599346209147
9.883713309288728
0.5926956874459568
1.694477696482045
9.988125738008225
36.949139920688616
2.0116055330391824
0.05642737242413724
3.9295031554145017
10.122708891105546
0.3822214683677305
13.676012930427579
1.6826709670721265
2.683888357025065
22.777997308133685
0.04514619633562738
1.2368965511920824
1.1208064538867544
3.3344884508067563
17.490662034366384
0.9450311296269776
14.176129916033188
0.45951969847264107
3.169061098792574
7.2776331656567415
8.728588630467264
5.33449212906943
1.7342971398765359
5.301110281183867
3.2857190421298865
7.591708640146352
0.516544839534449
8.92608970626826
2.1720922662817586
17.26493660588651
0.5688051166104414
33.581271412509544
11.632393338943052
4.974619970814246
2.208789330874485
2.1249522551886137
17.36351736444594
6.694927680056871
35.43843784105201
21.508533196990378
0.47695848686161507
14.641936352447342
3.7990855497065152
40.8871638238851
0.707502572294139
24.836892476355636
9.17838501421105
12.727261210721718
0.555758056930762
17.031496167287187
2.2084896355495944
25.809229461908807
2.018991383270539
2.4397477171018775
0.5105095270547781
2.7356310979051917
26.410953380374643
5.028676122068695
0.6892960767716794
0.3475944654223764
20.419314080328952
0.5766490158480403
5.708385497330433
7.967568913135658
7.38702401683624
1.6730297565311134
16.416308547898904
56.83480691329387
8.947848497483156
51.50332582140079
53.37834077107057
0.022923682993634845
1.9543440642376118
5.488382949683155
1.7980021766681076
23.92729792441528
15.658355325547454
5.686346343120473
8.159893721903094
0.5790413407366722
9.438223172261463
39.367637008101056
9.941229391170728
2.666801159657861
2.160761095559746
2.1249321827505803
29.416651250234956
0.23743098525904655
18.733452767914947
9.436695328474372
6.09254039526741
14.713317474808015
0.7543797288179889
5.669012370008804
11.305520545537037
5.013054620244731
38.703003701850726
0.4142459357449221
0.46247648930516283
2.0687116573384183
1.45863264032065
6.260788574815701
0.1562788739848321
1.8350657674705508
3.4912595797203805
10.462296676013247
10.603860460963636
5.863053879525846
5.951781409588657
10.19809419126188
3.04319716540072
4.664445425414816
0.22694383453627232
0.5965315460024049
1.5057119550503666
1.6134136933305296
7.498907413339719
4.294847440946163
17.74849632023779
12.545807320839273
13.86344251233816
6.591492752906399
2.3922619670142646
10.931799984445398
7.29521421734629
21.49000535340322
6.317249034666826
0.2941015468936985
3.2308574229569382
6.078195008494049
5.136056428421706
7.291990692933368
1.0900495946669793
9.652486196670276
12.570335910514999
37.37599490851136
5.602577763007136
3.571858872746345
12.29303317103212
5.528273106168941
8.04534539449836
16.40890469142953
5.628609334999723
1.7890584743670257
1.3708337694640107
6.485092206942356
10.607327455283267
49.16086022341874
0.5562571942949045
27.83892951993738
39.08772409954983
9.819783428423168
12.605557492152995
10.95692740335715
2.235698696102151
22.968257666154635
2.730987628293069
6.081112400323629
5.63709108648305
4.198834306087283
4.160472502716117
2.3803700783143853
13.281205894922772
1.2220529151796593
7.97510578253995
3.2526717539943766
17.92870542654739
2.8020974168972446
23.45283422167841
3.6620685368687766
1.1493798371768158
6.397213051851086
19.037435358735657
5.2550412643494635
5.729747334023232
19.82245778714043
21.06765719181474
0.19470842752199907
5.569598224009553
10.39169818766522
5.817283803315755
9.562160938701059
5.476575412530165
8.765829193111516
43.035395152072596
0.5653380967735185
0.6924325227190087
4.246994893745243
4.455445049505587
25.46345162301836
7.034078214391726
1.9733694249001386
7.979678937627557
19.595484877989076
1.3639994005180835
3.380518667650943
10.48489173410341
5.332216148659229
6.57950983558689
0.3974108291796098
0.1628071998769173
5.771745731840694
3.3684763094008563
2.762585700854063
36.34478405370448
9.32941524960465
8.410824087362144
3.6697541217931535
30.19374526606949
0.21573127506858192
14.657776281018606
2.67789100530416
13.327360567735314
4.5891133642381945
1.3015638732807187
18.32692640386673
7.297246525746095
5.548371566455591
23.772988700982683
11.735647408174238
9.565184755154624
1.4707631228208562
0.8423382622232445
11.306135750253102
2.5346916465417646
14.27404475484823
6.6336718955863985
0.8846815697690695
1.7142915234471234
28.899674167011128
2.449919174293452
6.1109608404746645
6.181913834344281
17.32073075694051
19.202010926011013
5.406667037680525
17.779594120855986
6.499784264690466
0.4001634031122619
32.646662634080556
1.2562277356699492
3.985875419871835
7.331174835470325
8.311964307442105
12.139845826968774
2.0109837695908572
26.836982618969714
12.770321560559957
3.4259324975881853
17.335549435777587
11.267516901150094
3.6776947926879893
9.9225113462
1.6002230418592531
21.143231122525474
4.554773351053905
20.049879682710984
25.03994825793309
21.809921980961796
9.548486994867423
9.60227811168954
3.3064612991172533
19.524228209117208
1.7118556698340373
7.224421442835936
2.3350522724944685
22.761368429510924
6.334137225784876
14.331482047098792
0.028665497493289175
13.363872290259478
21.294011936110575
4.4692838224872204
58.95061895206081
3.199789514928762
3.6777934011459723
23.558001746687268
6.276398976148576
3.287187897167723
0.37080609477181087
4.412712421462743
12.104357290727616
4.319144174612571
21.48501404476242
26.483456218202935
0.5305249146625373
8.80109843363206
0.0587486755903082
1.6351015907005673
8.091838715652157
11.66939346084246
1.0697218929223393
3.876974952398453
9.75636345911154
0.5719741259359404
10.173178221675904
32.08825963005091
37.89033256122864
0.15006821506888643
1.5600679751945297
5.591047875291743
15.936218432940914
13.387343152792909
5.615472251119021
13.305786981548577
13.67441856166671
4.4380555043352725
28.331889281609634
7.813349643091634
2.4869069284668113
9.677883706361087
2.6466900403714346
10.514768452081514
16.87787652084419
18.67136121869533
15.612442815958865
12.913790823876878
9.242567520511471
2.594460223190214
2.0163771576648304
11.164801686405593
5.722532823419617
4.6146810796434
11.873653302086462
0.22465763333458288
0.011748677273010006
9.482011970408731
3.162429409964427
14.549743068725379
24.531365008817243
1.0786677390332786
12.767947170315079
6.3031762060807806
9.013493664128855
8.176170301256917
13.843177535886412
50.421273810264424
1.6934974836458216
8.135806654786869
5.646065503183834
0.3447935196424435
31.57960577983144
9.71712055850074
3.5528976330328494
7.683129916051827
19.304859794374075
11.177003211302715
2.367568459173863
5.602609390948521
8.535382200176414
3.795795637929707
10.47116278784584
5.608821307542757
29.809081071196047
1.4590868590726471
0.3740090165165228
4.9592008405987436
0.8107784953227616
8.042365054145483
0.8075906516107385
7.356572776496916
12.597508867330045
22.29993677955743
0.053367183620295765
21.67200959629421
6.552540143598732
1.81387730874338
38.03029476238011
28.50110093087816
9.910365615783132
8.78635909113861
11.139042203295071
4.392661681622334
4.7037797424593695
1.2389179599689528
5.505597801154851
1.2144561617722465
18.450280543545702
4.440379629395901
0.12465556818397742
26.292941906380236
19.749220368671054
12.478015189060997
5.419879340279721
0.700080767803996
26.968963773909596
3.137906843524151
8.412421697518447
2.5896364262341596
11.735791297970868
28.038558481801402
3.037483711889042
9.205222793566357
3.0372203362933945
2.7929489510475074
0.8438784243190157
2.304122433296834
21.103876940224254
13.187147650075099
2.4115148955407992
8.309841780835809
0.8691490554407189
3.798435832821215
11.043074038772506
1.3082616105807192
14.93432381653591
15.750270967315982
5.047954324542767
3.2215497744429547
3.0750435976327677
9.232499926606026
4.6213971477924956
9.329285676405808
4.228981750815689
3.227320952686491
9.33840286539558
20.648161277859614
2.868378279257971
2.6094836166851945
9.068201951942921
5.503355160471895
1.611921686765888
5.914662191105723
6.743805644660882
1.1816622873558704
9.746237721903622
1.9500195408347618
16.508626243227944
4.57642840520028
3.2730344192822796
1.552854345091541
2.743925931910702
21.5347850712805
5.262618290301919
14.202286448689323
6.502531781221484
5.556022522208473
2.6878060806299335
10.202664438402635
14.584169943772729
6.993940153614696
34.820557950635134
2.164416523515314
1.52397942473644
1.2765545998533787
6.874458019661626
2.6594350275135197
0.2717100688222438
7.170405522716477
1.24089941923564
7.007864396620925
1.0303886972699725
10.933066021595828
3.268310629859102
11.270294235695317
25.519297012925097
8.069937701278679
17.6544442230429
10.94904940263068
0.7544637735877182
4.637374158451804
12.902593263651847
2.9421892848271956
41.31890964715855
8.713467944858536
11.087994353326842
15.06137026226753
22.32173413198049
5.407447084210977
7.55933079639731
1.500757848975084
13.849555246874187
5.591390505485262
16.043291948272532
11.227810861262448
46.10863445817651
24.626659800748957
13.491391313949457
3.8421414238628913
7.5216444293186235
7.358177168262897
2.012817460902369
2.3183664741510452
3.408094871523288
23.100783995693035
2.4892101864905913
2.5937323716051983
44.285530354931566
3.046834948739679
4.851219728163055
1.8667847985413868
15.367888969048868
11.349323216071811
0.45699282719012735
22.756052985034756
13.534097286898932
4.487829741447503
0.5621299636158993
8.60719113477667
21.00227339478821
10.311124756324237
16.16766232738167
2.4211482254824555
20.83568200661778
1.4226797675799618
41.47632314046597
13.780399617905822
3.0151786422549613
7.003263424278206
8.123162771615144
10.54352195100845
0.9936454296370083
7.994020233679818
4.334526632566523
5.675248843274542
26.735264670855557
7.928395369082686
35.98304497536155
7.379423158723374
25.642624316830293
8.693657106878801
7.56955427548783
26.732455594126282
9.910629514576787
4.4367650008914
18.124196108904783
10.102462485093628
1.537140071754475
0.6992032037012453
8.66306071696799
24.8713054841525
14.151919778339256
1.394127296003297
38.65584059055815
25.57205678991586
5.136174919619335
2.2590305265053123
3.310338065185727
5.9303964263500095
9.177344508748142
6.649952726328856
4.189390705058891
4.596271350078705
11.420352075613295
4.373121605396575
4.547331456724484
4.395755608568587
5.03126204945892
5.988743965662016
11.705127250950442
4.482567646442702
0.45743165648277523
15.542289061572255
3.05039084041409
0.021881859437991386
8.229647746935672
41.29503242729992
2.2506687798273677
3.2265715489736584
20.22579281915867
7.958838651777698
7.781810492026162
0.9992982211877809
1.6439404689696926
2.482499434974858
30.52801969584924
22.58145540003197
6.246149493790041
7.581269974916623
20.021791579417894
0.47634792491196976
4.120684247996608
3.8657735637346278
0.22735576524030698
0.0683292632656867
16.63553038896412
7.578712415771593
1.3442326105962874
0.8143066695202649
6.408010649158228
9.029637413553296
12.984448330596743
2.9800954378935858
15.346214172078334
15.278338452873983
0.9661925340239107
0.4312940767306257
0.6108891975443976
3.3012671537122245
2.555514638911677
1.2677412804069224
1.2559440982505954
3.240600311181448
12.607287144930904
11.121563753274952
10.8930703948155
1.6791090504121975
6.781140009782859
7.762683889114888
42.28503314552532
20.929761479561456
32.86448592213878
12.833499438298336
9.187471620652612
18.969727555449232
5.1819744088580455
10.087892936554164
24.834336758136484
0.17135163784501656
14.901515686666105
2.6737662613435527
27.700802059908852
8.278390504561012
5.735849816887439
6.891253146492932
6.30037458644947
7.044512617180045
8.259047365587083
19.037646818129055
1.3102946142557237
7.460578359383997
2.4135903829753143
35.63516920735979
17.81489286624556
12.411689745311026
3.8423922988515367
28.368836674024323
3.7747591835201177
5.30196774215132
25.12257728455244
38.238104732298034
3.9437277077174295
1.7415518326984578
2.867480637988755
35.372250020889254
2.1818142432593337
8.446248158863327
3.3950877136611313
13.331421276813407
5.694590906732996
3.915093914786554
7.342515688057159
4.156504089918772
19.269842158323286
13.779355434813567
12.485523179219815
33.17194331038505
18.50631026695346
1.3019020254107916
7.202423779687432
10.735703205973445
0.2022358488377906
11.732418593880286
11.295748464825637
23.041673954241354
10.545570467490634
5.364199971491372
11.925257024032309
1.8021655015609885
13.128961215602079
15.506602615493234
7.44771110511662
13.606628293223393
11.8083213630166
7.386271323095244
41.80154758907061
14.482713773375027
2.599921407093726
10.64976035944915
3.906942514416577
18.16917250884329
10.327211638496319
7.630579526879721
2.405833190264484
22.213258476756124
10.374342903339127
3.7152840042485877
3.430895160617095
12.069026530632962
4.531696685908614
30.02923207265532
1.0228521651881952
1.760101443502252
15.51670919326543
4.207224409677055
0.590106632913776
13.419755079198477
10.33494302551994
25.751297289810438
15.40803721580611
7.745414906981065
0.8543315696703058
2.6915760300823854
13.742897321749801
2.5402600108812443
3.487829411287468
1.3725704919389747
23.36501415719141
6.402414064427221
6.545351850774867
13.03276958423117
9.691450143127497
22.397235200731807
3.0719958732935875
0.38546125059390557
11.333437855288011
2.461499397251423
22.898622674321565
22.075031372829955
15.45426040698443
2.7292375630204626
2.4882371034697695
1.5043079471226208
7.790491769985018
3.7681354632709625
6.577829037405496
3.481003856933223
2.4847337312008673
4.24130840227826
14.529001671817106
4.435784560470946
3.768107413308825
25.925158477929532
14.451593161213754
5.94234262010469
0.8776393201763621
19.554244067984175
2.799118823979791
12.696276505611614
19.252901636706813
7.300962563889857
7.533231894440206
4.864064083370689
1.1258239532402463
5.4178570672686295
15.853533554591941
0.2911311364134095
15.27364880651463
0.8580937710889808
26.492690366167157
0.6773574991083311
6.949366706557594
10.78932372184082
1.2073486260803254
1.0430696330760818
10.879906705185258
19.903022421543177
1.9042449455434678
47.974555758605945
11.457496276466044
9.436025869154951
0.8602806510100134
15.731658367713486
13.897566868367052
3.913792679899882
18.340032514904905
2.122056472057817
14.724056761215149
0.8091221353758787
2.4486824686820956
24.806380012759238
2.1107913647965577
15.800026424697975
9.866188365115194
6.271958467253854
10.050945984169118
4.5647960980413025
9.38452584239769
13.522170806189305
3.1945483410581046
0.29745913330660606
0.970200307783437
8.298343044039266
31.683975416983287
5.431533535687796
15.756094053193152
11.275831798589621
1.4643471609707328
10.191100882075395
12.030970502251881
11.188470961480785
9.080844447131005
2.3785696653075648
13.264066804741805
4.625712973073849
0.11202565771790465
1.0644012843517012
2.525843588159477
4.986367675968875
2.1907905464138295
0.01901436866517929
19.3301618655786
3.2274732435834963
23.920761960426688
17.48552758526642
3.890720030862658
0.8110517793567822
18.34630459121323
14.50192753173263
15.831766145390505
5.874001247475392
4.260643454686278
6.7174217674920556
18.597335521642066
2.497142457758042
2.2985058224651036
24.326956071359525
4.0390792504669255
0.8995855651516065
7.001123615547965
8.937192351027178
1.782830993325798
3.0097858546849765
6.67829333791865
1.2886762872703699
10.725448460916834
1.8668732555587555
23.680766206988444
32.927596366798475
9.538479106200764
36.61638203110067
0.8209971678423247
21.49039672846811
25.510399295714997
0.9587694225677663
7.748905005968583
11.54950749554948
17.916443766542653
4.588611079415078
14.079198428787183
1.0218553152047885
13.911875424816706
1.9924753369514971
39.002012261984206
9.842646303383948
8.059612665554019
11.749999057828921
19.576926513246793
15.921925722946357
1.7536297258114977
8.905558791564253
28.530675135359544
8.595765446397657
1.9862347853115458
0.04625889735393552
13.080669477572055
19.8536995262009
0.5065309646154511
17.314926854852406
4.263402317416885
11.460961599697576
2.1177475415976414
5.7626875291230375
4.791915301053445
3.5876731148110292
2.332069872754542
29.649445797725782
15.40265469460296
10.509061078251491
1.9044699836311612
0.4610522251344077
1.7432519025796054
5.616490876348498
7.521303560124538
3.0092029799934927
0.048442129299563354
28.186625972075802
0.6424906375994173
23.79962117671393
22.83787341009099
0.6128479680396783
18.603400531040975
25.57746002475772
15.114421001465564
23.102023062123266
21.13617700293089
22.085201024246658
15.458509918252794
7.333714505628912
8.813021593595641
20.932909004647673
3.5000995335438416
8.514851002428422
0.39358438590782113
2.235612031979086
41.72471275351156
1.1258386054572853
2.062958646169382
0.27985233906147144
24.521275157678268
9.767480160173221
0.2475995678326358
10.56764779657745
11.861263714080025
3.562567237821738
25.489192751565643
6.89789583984423
27.897631918063986
9.592236955073929
70.07632635132691
3.4424875828776984
2.39494001424092
18.1991254094799
9.539430543132216
6.425031876158366
14.068420218932324
9.210678973755748
10.534252648662639
14.96499291723871
2.1252137618539626
6.736382078967454
4.95694724457047
24.522537604294552
6.278116393400753
12.656515498468533
4.194415285978689
11.320647955146228
1.1853985147164579
1.2144349604318103
5.412001199703602
1.727673189324344
22.28270059782195
3.425595254523958
4.4774518115657225
8.924506638053543
12.639392297529447
4.209021716992859
3.756185317452635
2.3684386620591558
8.166550987291748
9.881884995910822
18.273569523539784
12.466853217497416
22.935938781429243
44.21644559621277
10.51245742411031
2.4256436909912984
0.38929104165715944
6.760078073854297
10.441203563774886
3.5167707324360946
3.276332744661769
51.66044745058645
14.009517962372977
5.398685993586847
15.171700446366923
28.317302085296955
3.8791960491150332
1.289314025253583
6.807468833440911
8.00434037672558
12.253508315448336
9.785928519410959
3.302651047104055
0.3438336986516871
17.371267732258048
21.93697374190361
24.426881175917
11.381818928667437
3.0798848643616603
30.37637415010724
2.5930134131053544
8.725872508730877
12.596479853771942
2.228155174683576
3.623101037784689
5.170190328025442
1.1295936309393857
4.760430835220463
46.66936163980354
28.29687350705229
0.3150511573343795
7.077541054942198
11.186472366940713
4.027063802536977
9.061199088057476
4.87221820278039
8.371907526877974
7.6788199375432935
24.621214228548087
2.2447712321812725
3.466776151975856
2.822846516377249
0.035238020507274606
12.48482648017227
20.627302427942276
9.145039104257606
18.66867223085293
13.033069559602167
10.515359604666006
0.4074186103861821
19.88969043440307
0.0716177884006587
38.87872460177968
3.9535221165623073
41.530805085740226
5.102165804675761
17.29584437734565
0.9091183869377328
22.644697379102453
21.705621745359373
11.456040488611592
5.4695804856008765
35.348624246146755
3.3350226429365164
7.255528717201169
21.800825589941173
11.714518671038444
12.07967794223239
7.210651727401193
13.478190265852852
2.4675456254843304
4.205327888226895
14.860813997693299
8.628567343147603
0.6708785523598516
0.24829921104347547
0.8395621357848947
7.033142828267696
7.375112740715821
12.58016597970077
0.9679907283762624
10.558821182298443
16.536781338661314
10.0375344824492
4.057856882377985
3.507261800555275
7.525896368952278
15.483731149621322
5.869390786826835
33.90228141412783
2.4612077296500607
7.481736543477458
1.6758686637569613
15.5899764472624
5.0411832500216605
6.302349903048123
6.044792124223766
21.950929409352007
9.860484579575
2.803310371851943
4.636604408671829
32.41393918196832
11.190024945893654
16.747311496822498
12.845445843231186
1.8451738516651417
19.285404652095604
7.373054858472404
0.81737998754759
2.31603067033154
2.719676654252528
23.364805981328573
0.5312324130837234
20.490806310729926
3.0290579083113425
0.531405794204681
21.36802761374739
9.506310919045642
17.643678588422514
9.849748544571955
0.4727123104702155
6.290294360335404
18.35130938276884
21.930150095083132
5.737989273571226
3.9785144225470193
6.770121343655778
14.49693185866477
4.613232961407255
24.536232090043903
7.62441283254919
14.325451410715406
5.162629057155907
13.889092236969166
71.33781953608948
7.954068231110826
9.734855365561506
3.9422353758409305
12.07321531360094
4.078610954505175
11.76627904114497
0.10155386134941576
0.43579964632079227
8.274654491957149
9.22699249768739
8.237231440400445
5.6610659064966296
2.0699627713932607
9.484947887697805
28.565402259320596
14.578722860593968
11.358607436609539
5.849562127162272
17.67740046112182
1.3716079374495385
0.3412372552090534
3.7054659033667345
7.596773298537559
29.965053401213275
5.02616640532486
20.185690442211133
1.589059360455397
7.776997522856879
6.5168593632764065
8.943816773587663
7.613061540633384
21.461574534088058
13.871956672620067
8.351629781854854
2.7441811539196834
2.2504155892310878
3.804828372065963
0.35920411076943054
13.24894078566145
14.69742713602188
12.304493078647143
5.73585546275363
2.581541609583793
26.120049158876167
1.742620147467314
43.56028190090611
0.897055034464753
2.1591487460980527
10.916829512512482
1.972216503062723
1.9725597130330295
17.430265990872268
26.49022038738643
17.170310091404605
10.431459017629859
34.110980661556056
6.612425646828214
7.004410037671489
4.852200131475363
0.007417435646649085
6.381631762513464
8.765555450857207
0.8090706099279532
5.364707359424247
2.3702380536810357
27.490027557682723
26.16734195610944
21.062762226785317
4.203662875868134
23.470275260824693
1.3270520605081089
24.74297864879697
4.556979009108265
35.755299516478
22.849563683768565
18.100464397955616
7.512623893735444
14.597172100006135
4.105673243926375
2.7032881886195397
6.37290646992306
0.7974299134268569
4.245474588098073
8.745528284316158
9.831438909326579
7.916362667824974
32.17513205820574
50.070684614730666
2.4254347214382665
14.839959041970518
15.78361756470649
6.090986364416721
15.069860812458607
5.122734073037992
12.983484288062066
3.223072276074243
5.174583836935806
17.09054349591431
25.615144967907895
8.755562414354852
4.633232218293201
24.474109547564563
0.15299984678687367
3.0149861010577927
9.203171429580978
2.38940672770597
14.111477742723494
8.749003014683753
3.2521882773147577
9.023883386659996
8.671591089074129
4.493239123986591
1.2335620259109623
7.572180556472871
5.6822920883354735
2.7808284154370777
2.0505700247287226
9.486946237735065
17.810976362311056
2.647908869115179
13.008354304511684
18.37868091075326
5.424584334420949
4.4024366861548305
3.1095257433900905
21.609228303026104
4.628854309245739
11.095362271869147
3.803822175141223
1.9800735639668556
13.026015307937037
10.607958573995116
2.711117756557999
4.885614888373949
2.799036759948226
2.7806810032729032
3.3974807544754686
4.385725610304415
7.353550262168619
7.150603262004985
8.282113752605689
3.7463962981474825
1.5250190848857594
2.068182120905964
6.036994521971641
8.126620449181395
1.4853769738458427
19.969068605922025
4.4708910611189605
6.012299938897382
6.738261836335523
22.13850333148737
14.280642622963398
0.2534875580887866
5.747620433106713
7.444011708583743
2.9135324160802996
23.30870178150539
1.8780477643440516
0.18672977953328984
0.3567583210961267
15.177107398695213
0.025557933912776862
16.99307805401316
2.4522341771056775
55.259887370083305
3.7687109961968246
0.8908480272144236
9.948916195671275
1.6050753085706984
8.665309694282177
2.5972407574659546
2.236547123377481
0.5051923567753043
4.943456179398151
0.4215957933261147
10.089631284677136
8.712953465744578
17.054133623365853
7.061851708173249
0.23375882893055416
3.901332507023483
8.374913583214335
1.917058656449564
0.5281585116695684
0.3231711448448293
1.8322561474197543
4.778706926722468
19.791541600523654
3.554909525055363
0.4172806663868739
4.918318993706102
0.8441372161574318
19.259046504506117
7.105965799512951
18.753035035812715
3.930165655641215
1.6628721751815103
16.41182326384408
10.986320922041536
5.746152518713475
0.012917301049189877
20.474439684494815
12.170147610892455
23.712701229198046
0.42409675711085804
0.9106692951395787
3.2692069968654005
3.9053323860718807
57.05758143098545
3.7774589727860675
14.192882643298487
4.201320066901904
8.548165157148352
4.862182223131983
0.4170730717945249
6.661360598376792
27.776989960624697
17.438323729768317
22.886716450910846
1.624401340185364
9.097405496914767
20.075479220492905
11.534426465688561
6.8207081840701145
7.378631255691033
16.43596573598061
33.95917810037264
4.584661543928911
1.5935122064682181
7.856360599052524
1.5892463271146264
1.5542715987005784
18.43329723174213
7.231389720260614
1.0992471546086673
3.454367829063285
2.3882401955407637
6.682069387177911
4.132155456852356
10.373837526018537
5.943801195586963
7.301914166422492
0.17810124704761243
12.618312246421674
10.766555928262228
55.12447733570973
11.911169235666408
50.711466030123134
25.74918682142469
0.30747786630458607
4.112243586089786
34.23027808078113
6.017514609212271
6.575485197453102
8.744602519707337
11.088503076911385
33.90701336964724
12.002588547531023
0.07003938638525689
13.894731057922636
0.36040923598525054
7.0495111562959885
4.167662601667338
8.798340580637497
12.882543972850469
2.170184351612783
4.9537798287878845
9.191566879216747
6.909104341237377
2.1067259789644717
8.11805725628036
23.971770890279437
21.624645387192544
11.73235936247197
7.417125168369514
5.915260986474474
22.863895925096116
34.98290378749743
18.620893390454494
2.1566316282085367
14.192738722582767
0.6592541749875198
11.966108272023435
8.567539450568294
19.086706416705695
5.129521597385528
2.4757942337638648
28.407114564851213
4.339910090172235
5.507707738302186
3.711421788394226
0.306100840137465
3.3126343039094834
6.682137027590908
18.456821170363536
7.263946119382259
2.0954189190281554
3.4472622844773895
10.821020648656614
2.2759189067478545
26.374390063785302
13.40882937019277
12.926214053219482
0.598932131821165
4.382586024552888
7.617572937928423
1.4532855152224058
1.839708890718704
57.764883265878105
26.874660018177117
11.64963625766693
15.910274156861206
0.30216003799296404
20.7629439942507
29.29086647838615
0.12746397754395258
0.7248786222801644
3.3807509016986566
9.794780323353326
24.893154576253288
6.858128753367049
9.148997729175194
4.851317324546983
2.4403501066546056
1.609219015188601
7.251519496679281
22.773510699904623
21.810725565392378
4.621569309681874
14.336504479623368
2.7713872952376093
18.056089255712983
5.919241942170745
35.56072582441604
5.295309112719451
21.66795488618454
7.978303777697727
0.059276696324616296
19.804309345251085
0.30753219184161196
3.6814860412805905
19.098114717762467
11.215224903608004
13.707708820733409
1.4181945930116213
18.099429780341328
39.756455205793955
2.3690179086241843
4.594012432698889
1.964890556012727
24.217878459382653
8.286951491639694
3.42144278325463
25.321190238651962
3.720591141985872
17.668319643498737
17.938930073452788
0.12209944015098251
0.31127870632125676
19.889672493669565
19.21132077086423
14.771465445377851
7.589465064649387
8.951958571246236
6.819633055845086
1.321194068407233
0.08558008821501098
47.50765323621985
1.0730326704412567
22.76688819940956
1.5604814720300875
9.771888897261157
18.809172225275955
0.8427201833136957
55.799251306907856
1.3089031638740654
56.81351023328472
2.933022165972947
4.292735266686655
19.7929509024257
5.950484545533071
6.310732780491377
2.367160702736723
0.42714977592287456
20.218236804783455
9.155319382859748
22.73039420111892
12.012740299272075
4.491411964877329
12.203521203631325
5.386405193630862
9.142791664457873
3.373488996982497
0.8334983198315837
9.000407755280605
10.912074164524164
4.068419686308931
11.280464776319231
8.12378592267343
6.812513456357678
9.9261527005762
1.5509781056657617
21.58830243624783
10.749817463926252
0.6078615166686067
1.5075388498192666
18.420647334232388
15.445824576490292
8.558104354539644
9.724122625714937
12.528948595923023
0.33346822547590327
10.608883081904267
9.826349306084277
4.452848146967757
3.4607424972362515
7.558435010949328
8.291141463536851
8.769808567309594
7.420257747022685
2.533150346185042
3.4612004560524405
0.04703271716405266
14.312628632732594
13.253951322340187
1.8315183415698877
6.87522773752095
18.144981201303864
1.3767677201614394
31.500747377819586
3.526635733887758
6.721783890381481
7.616488853840597
22.81577841914059
2.5547107552845123
5.025875525447062
3.971249574573142
2.9912694018988377
4.955937458430116
15.008478375771396
0.7721110758632153
9.891016579064946
0.7963794745940734
7.620864801595029
25.5433809250262
11.240947446772168
4.0749752850729335
4.616687980804995
5.361305202496755
5.051222138980114
1.0544292683254024
1.8607549337582583
14.522375255686313
19.46302601493017
5.012692399785417
15.998156172513141
15.642623063485452
1.2761564556452232
5.335385573877418
12.905014258446801
14.535958655745013
6.7681367688345615
46.604373366304515
3.0276099611736322
7.793894094553356
4.298678085094005
0.8582752254265974
17.14090522712169
2.8251271832097906
10.847964573955375
8.37320276896692
6.151952333075967
27.9486989500659
24.52660865991718
13.388689941130332
0.31621371308030555
6.6901112976492705
5.426486370512379
5.843455331376775
7.479987551080604
24.699892945818007
0.3603459092760357
20.172560292692665
12.980634970502257
4.0061228601428835
0.27540132516004884
6.1080591765705154
33.83453616249178
5.706645163307086
3.011141044242704
6.081854821160925
14.477412687492524
5.792309342473794
1.0968969893720866
36.06284696114595
2.755961025330925
0.06347206381714038
3.471533740791055
5.481907344162879
8.598860587468018
9.88070074948912
9.418397058415405
7.656143874048217
5.496429662081692
8.785340531329995
8.657028458747533
0.2116823387551693
25.07083050717938
4.0503514357410015
5.349035735867865
2.919545937479242
0.5172640724166271
19.222665801096177
2.398954120780381
1.6811196498156136
3.7428066916280027
1.5419529161400378
22.110073942589228
12.459992691717813
1.0454911810518477
10.215156706859034
7.533775845916944
3.1848228246275943
31.788108701050607
35.793675429836576
14.522732827853739
34.9909715489517
12.638689105882769
29.999878714442524
5.9712179800960286
3.4827130067178618
10.340996461887206
3.177542072596845
2.0420534634823544
29.770637239585916
1.361810886220626
21.37154794738173
5.7918527118037835
13.349055922290606
26.3594106788523
4.964269236944066
12.011670129024552
3.3978915594763954
18.769958607419827
5.1243231486707455
10.625065775456955
43.509594574654955
9.760789649960053
31.16839085317846
10.71460592235999
5.983334692818881
1.4271693663856524
13.169879104357742
9.653852873443867
4.978760606450757
4.486372025316232
22.52290788304411
2.2284463495687787
10.716855431631265
3.532488615881672
19.711436519991864
7.607197797336579
9.427767650632012
14.495324414625475
6.540039890435968
17.618386464873367
30.717478726862435
3.5888765021866105
4.937510545662624
0.33929630724962667
5.150971494359205
6.942104217184262
6.9034192190073815
3.1056863064704174
6.091070470793209
14.968613442850128
13.784484381452156
0.18315509256212895
15.934939984877863
2.769754815777787
5.693718514190288
0.7760471856638101
9.32137905813026
4.718137549204889
6.895470908112643
19.226055701575465
3.748737194266734
3.9572868416514613
3.2056543051556643
2.5743109016566867
36.72547165745022
1.228736520351807
2.706191216080084
0.7311327134977725
11.266675816610793
9.79085219792187
3.8112375268485046
9.98803700841079
26.79451657697555
0.9455254199082939
4.119479504987327
4.74877664172711
2.345935699177894
22.827974401288316
1.0085885182532865
3.462930998517547
2.751760442426362
13.346193805575803
7.477954694624371
9.000884965503637
17.762492596032796
11.662034759503355
3.533528951822663
8.84281986699463
4.861481100741395
7.6253606186607605
0.45847123335803663
17.209862000319315
4.257779975061111
6.817343221569356
3.4111143091586986
20.383281294816197
2.0190512360127997
15.766914186066156
21.727826072363662
36.5398382928829
6.316936017296983
15.037207983969436
9.903349358844304
4.658593647610747
0.02373125566796586
30.259327153475624
4.476399698810334
6.493079090613399
13.433759958810711
0.7585022317697472
11.43901098748485
1.1468530525571299
10.079444545485421
6.953965436734433
39.10375555710257
13.596074598336418
3.644035324029794
2.5451482275303086
2.3503067092873624
2.8951115832386525
10.058439799006644
6.5100091159453575
5.211690627953724
14.071235951178245
2.40731015692028
7.603698482104207
8.146201501941931
2.248797384538399
11.376853031924535
1.6260919985877749
34.407003147299754
19.436771152698345
11.057322006283917
4.026754336430499
16.364864218791496
3.60371681888979
3.190276431075733
3.6303274724018304
40.48076404663182
8.652026565873264
5.697182351171881
3.3335703936490875
0.12472278649464552
26.393518024056878
17.749166235214116
3.573939128089498
21.54516376009476
1.0378982835668977
3.7397724713975316
5.244790361681843
5.374791650349017
5.103138822192753
34.77718217233393
14.92687478968747
23.307040630175027
11.01576929304639
4.832271884950751
9.94508490341742
2.4005972551654047
29.33638916578383
8.17034617267498
10.865477723383082
15.698336579104634
1.0940455139705438
5.852569703050834
4.626517927553853
3.5231389294442375
11.618943843454385
18.066318572700947
26.111287043033848
18.809338457335066
1.9760795947328846
16.82484880390071
6.141453065149831
0.592996925060121
3.94927350413401
10.543938180190086
1.7407650968236201
2.460933499774425
6.995848582271972
6.3842736338586406
5.032268046686692
1.4598896265953634
0.5327560002704083
10.382158744362185
30.23866377838778
2.873046427937232
2.613167006236235
1.8128458244396035
13.34375932112791
13.32022192925647
17.907520867650494
25.42488249370299
11.245312526332532
4.50288837448753
11.729006118774999
34.81928277592663
1.4678511213140442
20.952762013225005
0.961882500368283
7.275592452789624
1.0665121291191053
12.236066621415135
15.238781626037795
5.842053129011927
3.809846337200056
12.014398564101146
6.125725006290837
13.592754101894975
40.43346501776314
8.818675760602972
12.300683059458851
4.17979220238131
55.73458856336042
12.083261317962643
0.8228691239114896
2.0610966178156644
7.347590609126165
5.363704116055833
5.1898205661159444
8.166281922359419
8.079345436437906
7.430249353038979
11.728543043107138
28.203840713224064
4.453652065997466
11.253113514940974
14.018212506957417
12.758875770934932
31.69942104408427
10.717789607860313
5.4651650139273
4.7264096755815865
7.234568439926102
1.5758367450020225
5.18920209352697
10.390786157849037
2.5998167168825943
2.0498913612437977
0.4077431286919374
7.067446546050242
4.873518534096074
4.885900002806348
16.82087812059287
8.404266933845317
6.477339236061271
5.906792248918251
1.236372715469648
13.905971639343697
14.021909944213196
2.594996891779071
17.6289860188774
17.97358185423403
3.2603815648413232
2.554897469360891
3.599729703856991
11.042602396548629
5.520352530985939
14.40263021156837
24.03422431777979
6.839164368845219
26.269500417944055
19.260989793617025
12.267689994356271
31.631001727469812
23.56822945788491
0.8089847982729682
18.02923715794295
40.573459899475274
18.16160309021543
4.029958734549508
0.758095500065653
15.475865037168363
3.3599760891648236
13.272906168022438
6.339970559320061
15.873327972512882
1.2080436073714702
4.242489608759458
2.5667512868150846
3.0737245569116034
2.2887371125826026
13.446254586416117
28.45213126533565
22.00035358344511
0.931129410280902
16.70562677546659
0.06008009440696395
9.200684065760234
8.577994733047941
6.753106258662792
3.8973062268841696
2.1726708356777618
4.034866245133427
3.571479395273908
10.374472694554388
3.346325952253568
6.122788876207366
34.15035427591876
10.167214685789794
6.115465573069015
5.460048347191993
6.425371315747687
3.8385283711468747
3.6996858116092515
2.6217684753411588
1.4275041768534804
16.69554763927044
3.8132694898813217
6.891987065609353
5.234063187857009
3.7425886857556674
3.404070302583432
38.155960754649996
3.9319423831606453
20.65724855751286
4.0219050232900475
4.983418993728381
5.246181964519806
0.4461535105882002
45.474766309259834
13.019479678894314
1.0890891382518428
7.480452247908436
4.43186586006589
17.689492934306326
12.433793537461693
21.858802981752852
9.458523174454216
30.81644194168267
17.05017930158595
24.431158836209406
6.776546792856394
0.10642451674007984
1.8673170620530366
7.443199156192625
19.92967686261736
6.719460434064436
22.189967806067266
1.7682393967946861
6.610615674384897
8.867374166878857
16.584805872686516
3.2878632723953576
10.377633888208447
14.087333237451281
7.984230222530336
0.7208364343134137
3.923550751417568
16.72491536900282
20.30303837413573
10.861442968576656
22.84320976773349
32.512896638306856
7.308055909140144
48.88589984543796
5.732091712531173
4.773659482685403
12.076507038599527
0.7678484169777444
25.77405002909177
11.041252315969487
23.78293849733454
16.09258693642858
10.279427213398442
2.975772432631409
10.577146557094698
5.1243182948431105
2.8026015585984854
21.42248166569533
3.5454752389629567
6.367474672846356
19.50924959874522
7.211017014940106
15.651554902067295
30.659254606835113
15.833913679376913
8.365988572462486
14.833839543541051
11.33900321853325
2.0181598269820156
26.577484172503194
1.0990832828100727
33.6840705214094
0.21249700686671885
2.661875988352626
4.719383565037891
5.943573576829292
17.627668871758477
25.4302437358539
7.8465638585363715
9.81033070895
2.0427521510375724
0.16317637959156886
3.092809509266842
13.343907492080614
0.6689848522344553
0.4799359954444311
0.3038079960118447
4.209461347737957
27.25524295118113
4.6246229235038445
7.839576490966222
7.1661977619409845
1.2654971590485333
1.3998864490262704
3.439239644805757
13.257985936068298
30.628506080217086
3.7385493351971277
7.076693507512638
11.372065305913788
12.410382220753675
14.995579181454577
1.7302047283491464
7.17889147885116
2.7463013351174386
18.35128513065088
17.84700462610026
29.555674441162445
10.747740346419333
16.207002946539287
11.737755571264177
3.2728707144472384
4.076201710872558
30.03897521849367
24.652172939099103
6.269545999352939
13.3157958596254
20.111985525342703
2.7319650398424806
24.352262116505155
7.829650891085556
4.8665995049846895
4.866298297264881
17.392669779811797
12.669839625802467
3.896991202687296
4.143672654662797
0.18821720032788308
35.97042341678161
0.3465089272637512
7.478110115310907
14.567367415612589
3.5472228063815345
0.7789109437916133
0.39279285384045076
11.050009366964122
27.814033880551445
9.77155879788516
1.1029995424257009
11.781622884741285
3.669866331661202
31.37558374803314
0.35430766911337586
4.773631369439404
0.42571448277826573
1.164650607777198
18.7781412586258
15.66624522776268
5.438231617156458
25.273211837693673
13.786561295384727
0.5724258549993286
47.35540599296522
25.1552992875324
8.558827025415129
5.298337249144257
3.3590945767983755
0.586217510614311
2.1662995672194265
4.420778791036132
32.57482356435667
28.462948395460117
12.942981800412143
40.05080092355943
14.387952535740753
2.5938013360629553
3.3753923347059436
12.348030652353632
0.6099735189546569
26.979538131650944
14.671449689661362
9.058591368885805
11.73808528676936
17.997044667291608
25.76954852527502
24.487512814505266
2.217129728023917
12.607593834019475
14.300828111472203
0.8922364288642155
4.841054201758808
59.49334456493738
0.07842738049581244
0.8928365152984665
5.972005948192213
4.409086144001276
0.26432047513224655
1.9897910303269253
15.220669577059159
2.0628954865380624
2.6933473550059084
4.62797571866239
10.795293620269417
2.0123305649135617
13.032628453864241
0.9647168216348403
28.186167767052723
0.6686321020801635
3.731407677185217
10.940140436037675
25.434842127266492
4.062677418082052
16.482021394139874
9.374259496567438
3.4660002834763315
0.8445011742773539
26.17689056281121
3.5669175659160093
1.9167026441833344
2.516953655635949
7.840641096313224
7.88583427657965
20.393623021756852
0.9069360550581201
10.615384218698463
5.168702348032564
0.2432731948697771
0.6231083815672843
13.27828707483485
1.5085776181705186
5.235061453016151
0.043856071112992855
9.182075338397027
5.281102472752336
8.313634022286234
4.497599278748114
2.799141293924015
12.936247485719807
0.31446510441062125
3.9345541174553924
6.243879659712112
26.24335089080035
15.03261470762251
0.7321909172622194
5.1005856592688374
15.278423989853318
28.791996662617755
33.0735947263857
4.2718559514072965
26.23442704705223
16.622093459901585
12.309347959802427
7.037893740450239
2.2449635456279036
3.7028237089391154
13.58964071784872
6.1596996319735915
37.87192259287313
2.133775335433254
12.274810925291826
6.025345585366516
4.2002952811056495
2.9580659929057513
7.937773540218741
8.553910470892482
36.45042559467141
16.080337259095046
17.249541334641478
1.9712354922956714
2.9149319356433696
11.714002727397062
23.820120888598176
20.094422086105364
9.068210109985612
1.3590367870912725
3.1906044878102895
6.380960080058539
1.0080551818688006
4.324828412226113
8.01908698930162
6.720682154106166
5.841135289627962
1.8770728418535165
0.2891875729637966
4.495255698813093
11.093960386131318
3.4569843517893144
2.28170525535582
0.3828202148222806
8.313012149229122
46.32385484486781
4.630346715519494
1.1094367599810548
8.701088524995281
12.700077494042057
10.537278659372319
13.201693496589593
20.14484573188493
13.650703614976713
10.685727043651564
6.773680290262373
5.3890117620261755
20.506775186834304
19.37623825063407
40.8501082791973
8.698590108473757
15.014014524234895
25.107507062258883
48.8089224459106
0.15730653637516887
4.777559942455171
10.374770909238503
11.08478778299128
15.479680213607583
0.4452104305339846
12.46516803324152
34.69571640153844
10.990284217747888
3.3426688355762484
2.953468121107774
3.437577316007113
11.695385968907843
29.89501894877344
4.446232353810505
33.33122189861384
17.69092773047085
10.290548553430803
13.885107246627332
17.558342097325347
1.2223611922774824
5.204723483926341
6.724011030535224
16.35643774924884
12.572663417887984
5.44145103616417
1.081412504830996
31.487540699046885
6.017869727687653
10.636334843680181
7.799795525971
0.1786992200077928
17.28262546329386
0.8645369626517281
6.075335543800038
42.89276914540573
44.82958379737519
2.0441432396333687
9.381957308598016
16.267242967383968
2.971375421184328
0.9941765685024055
18.927352868162423
9.605567025990862
4.598172981736327
15.289936892401034
15.972374354873807
8.428190996752932
5.8154566946923305
2.632765329896378
5.727372856637901
5.583489648223975
9.946548506867275
7.7905748534501695
51.86899227922048
14.291714201081351
7.666651527466311
5.340279258984173
31.894034996206855
11.381635563148834
0.41910702838563074
4.58648778770259
11.792628266932553
6.680447507494074
11.319323731107819
6.5579169394719035
0.2844831572096442
17.655573528196793
11.879645054563582
3.891981252409427
3.3337895625133944
2.2254553431084134
20.14380619847578
0.9971449299722559
6.2942303644232
19.661300042549744
8.813623055394709
17.25151232099177
33.57944656470564
5.065116083077611
0.9447698928843791
12.207606724822032
14.145556361896558
3.739146648728959
9.681535329980592
7.647569420998332
1.8328425735079987
1.38350864583502
0.314013908929072
2.998886306221264
4.41423885919451
9.693435029693644
15.633271511410005
7.274964605866866
1.6166787486837506
14.712422818725262
5.848874520343791
0.9812440013343351
5.58874780026081
1.5858245579428858
6.264790856729109
23.25665853328926
1.8478036110107257
4.010342106216632
0.3787267868821156
2.0506110107113806
2.725807079121316
0.10092640023193525
7.300912929142483
2.2440858432994713
4.758517547876679
3.3350071097636027
6.31215523170175
12.116997903883387
3.2147014378253633
9.255898947113716
14.028702703041256
0.1949425314951729
4.310813755290504
11.083845126429644
14.167261148912718
7.562736963631293
18.352824788668162
5.201242372929324
19.37102739910513
14.125562138340324
20.910832404330296
32.58784467619017
2.8703652345952317
2.46020663930797
10.945626601232721
6.186020827961434
16.44779733289778
8.882039559447835
6.137950568522848
28.48087814119455
27.103322155993364
7.209013623939048
16.44702659400172
10.74694454477347
7.164608884379307
15.962032601887168
9.879420202282823
8.995512751785444
12.957021039000294
5.753209138776914
20.206976915396503
10.897892867280383
0.7717121112378791
2.9098720266830935
0.01762343147982031
13.355256192968124
0.5480895187898204
8.332621525503082
3.6537417575132953
1.530003805258069
31.001232480921004
9.336899065389542
13.289617003228813
26.15602721862103
17.041595900641116
32.573887040391405
4.67436457901395
10.004582380610735
32.94740045746926
7.182687793569612
14.18988169248536
18.130308716892984
9.165460841442425
28.504586264844885
29.006276312961536
2.2194640858353103
16.406626592947987
24.660680084774143
32.17579400292705
1.5327498630548744
11.130656321436913
9.283778491334145
3.310547690543997
13.050202086611208
10.782525463548033
2.728903074641776
2.503550716297082
10.188645106951453
1.8762630680120513
16.378406225864506
6.821902263730847
6.867230304623144
34.78332809763464
0.15659924100287934
28.754197956399956
1.0479632897669098
7.493426427994917
0.1969853696853102
2.7323495459201146
4.640689001968255
6.00478480202548
3.1563855165138373
6.517869027609741
1.12836320064817
34.48651597207196
3.0919259215168755
25.470058507717518
15.100654149638643
0.1222463026891328
12.825428006917157
9.5749309118222
20.197528799369614
12.358168773563893
0.34732152209686945
5.778150548199045
3.591579452469097
0.40423420640432595
9.284797034179347
0.21467986313967347
13.748183599527426
1.7397259022823384
22.18330213689066
2.6364923710402173
7.425817430059074
3.4779215102160856
11.04025177055237
3.370117326486477
0.26072048566149214
2.6630196200874723
2.3228410568595064
1.992503663713867
7.069587171994945
4.355278481223007
11.252132908624397
44.64313630796393
1.2398822250835497
9.480391268269914
1.9907212019608302
9.622818296491902
0.030307168833915106
4.0823801483162665
5.783912711649851
24.622770991022236
2.8546667678954654
7.758132350258579
1.010376196622472
6.665098182627018
3.4330408627628497
4.391579557670372
2.5204409243743493
4.277208207041082
4.3615745017396925
6.857094503797866
6.985286863746029
5.454767170358657
2.7649369737237164
27.91580514693631
0.5335031186861756
0.7677911548887548
10.816119082431864
18.39290305385019
13.459881751794553
3.238472577960274
70.88524593473225
4.292298716116955
2.911983746118198
7.064864465051951
2.7177618382491353
2.983782162751276
76.14074036084824
4.997522772142604
4.840274231321063
8.029401909347722
3.160670879072221
0.9116601276332613
6.498490831130051
9.156501642379641
19.47763315573011
9.251478930608561
22.891296798456114
3.2143188005467263
8.787058265981784
19.3967212924096
3.2799791481925977
6.310191204155621
30.75575990411389
15.179709222047656
31.646179063973925
4.763123550297774
3.0650542538298375
19.294771781190136
5.368426113365824
9.653035965243378
3.0335909851470015
5.879974066962563
12.192475117882438
7.115309132821478
6.760396198683024
13.986778578835482
4.035380941800713
0.3751895230211177
1.307868512358095
12.097343615494928
7.871056173529347
13.319008984909892
1.0323245848232392
19.83507382672016
4.824711442018502
3.003211044836917
42.76333592990505
8.060011015331467
3.0653479033452333
10.633834327841178
26.083483078629982
5.628452596269665
2.6772652171911733
3.6193671100021074
7.648248191088893
4.189469874267512
4.300549282320747
1.687438008317376
8.57549763233646
20.634884205373176
29.996483688729306
3.197690943656795
9.894018791322182
20.3746959537676
22.091481967265977
17.729273710749474
18.499054821624686
4.23235468555757
40.927487928260874
6.836025902579738
2.9189849768678675
6.125377786782603
1.900601027857032
13.205071959043513
24.166752161899723
16.22041358991454
0.9957369193286105
14.48768925170748
5.223389259030347
43.988558713881446
18.915287732713207
30.724528872912536
1.0695367655370447
6.113583706023604
25.865733153152902
0.5767646950354435
9.256227360548293
11.524208968425246
3.409371204380178
2.5461019226007315
13.602245455570927
3.275564042130417
12.841625755803658
14.50246453868692
5.707599193358663
2.027375195055108
6.908377214635407
7.419075191469773
6.329102905835814
28.96315924162065
6.594494852135762
4.309791182309107
4.558312534117296
1.6733421330409652
12.737344827127412
4.885618359921251
55.64892549797336
4.894413541262014
6.381420927825364
27.231028311855304
12.250427942228763
6.937417599627768
8.691073299060651
5.038776457314635
2.2997383888891743
18.90152290440088
23.994222238591068
2.654960357800536
5.650471518686517
26.209834139247956
5.453647564677755
0.633941259664052
0.7157083369342458
0.9538754197699744
3.3491226993075247
21.17836888314298
3.5401555523286135
4.990681121806844
1.783096445543195
0.5616880573674241
13.559731094821517
1.704348591377476
8.252157778859262
55.90410835027734
5.543279486263985
12.909235506948434
19.325618748445816
7.205645904272108
20.764941043929262
18.858531661183484
3.121982982864499
9.155998968125548
3.3966795914744297
5.631218590350192
13.426670255412422
21.486533753935237
29.908105651851216
16.8335715216884
2.3757029015405218
1.9907411976828604
15.764694381621423
6.445295103502243
6.694546736685092
7.065870921269491
2.3943311431800534
23.18809375916458
3.9093963182017055
7.879927925320183
21.655127219238818
8.173634197811507
35.50116744009597
26.35748151086483
6.816754707195799
1.9265231534949643
20.783296056775804
14.388595004006833
19.158090743635984
1.8063551357090275
10.981829153292713
9.946466661818631
42.959813833462434
14.116616681946034
0.5802147148648842
16.281812240493615
3.26076096897235
5.402750472211474
9.097221092691282
10.786831978057219
15.400114547043005
4.816693997779712
11.265186529829395
2.3911424872462566
3.720171253634672
7.028024129277464
5.320721245092789
4.62141010430822
14.041005397953555
4.173558461737866
6.2252135857112565
23.440251221627683
11.879715508332325
2.5247898219096694
39.036920493428504
2.6109325922386284
0.14439024767639422
2.0093381581605643
2.6560999634412434
25.28923506381598
13.619961807924417
22.547812595126835
9.521065453977322
5.56928777404827
1.369300918592242
4.361349839517591
22.753975245596145
13.574267185246512
1.9955218102950174
12.135030099070601
16.76141972394992
12.862706940332721
15.061308017657396
11.214422477097507
0.796718418691569
6.837868191226827
7.891541945755706
2.339908630963482
1.265095369455579
15.132253745480252
7.008479997827042
3.3705791975198314
16.49000827759171
1.3987079601488273
8.868030543842448
8.951050023013522
6.542684495376568
24.20096949650346
16.064071973346607
6.803135735862841
8.883853609801962
5.75053471486658
18.16665574752635
20.920634493631304
2.633457159020476
53.10811161639479
10.184394374093165
10.217644691951609
14.320993682377097
6.186299169240884
3.324223940344827
2.054937116668432
8.320472799735558
46.27150338597608
2.622946689714513
26.045428934488708
37.32198439436425
11.29654571796257
18.540589781455665
15.371770565123972
1.1918478762601066
3.331352968821808
8.29859170685899
17.0926792581051
2.6984058636771264
0.007687352084196885
0.6841075277547658
6.118565646803287
0.12333944449144311
17.699078685907786
0.5380622223028136
6.132512846587542
14.539663115160122
6.688920105056381
2.6471030220310308
6.535149221388733
8.636364029854281
16.13925237452876
4.122294889214022
2.339758051859819
12.007638835478168
3.5239232151640474
16.560702213627103
2.5565430180723494
5.885338832314604
2.3036711549611595
0.5991816701984592
3.025346436401002
4.053095515020093
3.154016576278293
25.746673726788657
1.98237977522369
16.45218964552635
11.970711007267415
1.5218959426249818
27.921834372677658
6.0078248998385195
2.3821777300169025
3.62115348362486
21.61026527606051
1.3858577824287945
7.68579792771308
26.81162980838983
1.1091637403205126
29.672824146326533
12.276279554714655
19.41191428241876
1.0444830779516052
5.835996099367437
5.320063788771135
2.3531506072484487
17.68047866000752
14.392700673717819
0.7695493200180019
17.628704420070605
2.182568633372917
1.0159950536685862
9.423347119610607
24.26348337766866
2.3829177983139878
19.805920690323095
15.414029985682106
2.556672355821013
8.617726604565322
9.21358907843731
12.423195555152876
1.1398063737785862
0.20584233813637623
14.83279549615889
6.010003198043265
26.287041385334817
10.030167729791009
24.42041891227032
16.791485029403844
7.9683618344088085
7.738088072445697
23.85525097020909
2.2244264828974503
11.464730027120885
7.332729084480276
3.4301744865015404
36.929815850481134
18.425622805749256
15.360170858922197
11.304656772678205
0.49426741904847415
23.89071013124528
15.556371228697113
9.29778620368495
4.316274006187591
0.5367005751358496
51.08232424481258
1.5047401281220947
9.445061489507827
64.16855560506272
10.291022802347552
12.343178965921345
2.6412347361753046
3.747351033212171
0.25595958119519263
11.54763387284289
2.4517023385521552
7.933672237355691
4.146717894121305
2.706864630428143
32.96903583673993
12.776461591164434
0.9407458071226132
47.178298508546206
3.492301218183274
11.931235676568459
0.334296152771168
36.14805229551998
5.727502324716232
9.408980282957755
30.986940979017884
2.999280916912613
9.183487716902178
7.34311178317248
0.69994461663725
10.151253992929558
10.305581147909917
36.94005786204161
7.473939728728957
6.2614445733173385
10.338017423263924
1.573340750558302
7.144105710895127
13.060457062648958
6.747584270890829
10.301701688553456
6.1772374305628395
1.399543228639095
4.869221450410783
0.3644579823270638
5.882848888938529
15.287896569160814
18.613980686615236
6.26846312891015
2.360477874881632
19.07792502466875
0.5670592401382886
9.628899489293376
3.614915299181856
1.9186828127724036
7.361259073194322
9.564175997437435
10.55767321449544
8.92516033001586
11.495486815513335
2.168872244153827
3.159148172545147
4.018320784208932
11.64170922426843
15.299091781397143
2.3065017109701467
6.314688520231064
11.264528969562102
17.00007760725039
7.5256611594405545
39.35512281022979
22.03224852777481
18.125960190365767
0.9494166512963371
8.203369327083228
7.566604400933721
8.160552156818694
20.70404750134362
16.32633216500604
10.89054024764524
2.9015395489343594
1.2993446428085424
27.161666043699068
7.589312032105982
4.529330827670973
41.86984350648076
9.566979163833132
6.153047656102456
4.672663335016005
2.3066715797576522
27.67882337797806
0.11180673545992537
5.590548898110627
4.568573307949142
27.054215315545207
4.006059492872718
3.7465573325763577
5.600505567058075
6.273712918006527
7.3322873538426725
13.984867533014906
13.817010318380433
8.555434917006131
9.259678228686782
0.43610576217385355
5.010229438074708
12.84531905503663
54.97032633626864
4.3537875677408335
6.234436997013772
10.253420990970834
7.112720153101925
73.82286785193884
2.3981612606632567
12.25028454710692
14.794263196966703
3.1384745263955955
0.9018306383706136
0.06550035669718465
6.165651266553752
2.8049355274192997
3.5472377808191236
5.477681448022161
0.08931412216505534
4.085683967516989
4.399611654411254
2.1395212571979116
6.4396056800564505
0.03596486109670212
19.87784128184036
8.522644209702351
22.597538219560175
4.689260797088867
1.8204434603249173
2.8175541867941383
26.911386570578955
1.4249495656118034
15.005066485740766
2.479735992477557
12.399263944976319
3.068254262827539
1.5409345227497866
41.824538404631504
10.278946177876806
17.565771974044125
2.076642041213735
10.341885095397284
8.592821808153419
0.5440874670323995
0.9236462365050464
13.752115087000593
27.594796586448382
9.859239726135074
0.5046448068440778
5.849901790676231
7.0103072136512505
0.5870698658164286
3.942807605346348
6.878563301433825
2.8629457667218428
7.514032972175654
6.368550308115748
8.231178090457686
0.630347712094711
9.881796369371115
12.497176948537785
25.696048318260075
5.060043335103991
14.430416880464056
7.56819041601555
15.645676025644331
14.312590929827717
0.18756283258850875
19.532848560116033
22.26286097593602
7.644545369264625
8.057910811303483
32.128231442734226
33.56528954040483
0.04663545697077633
7.698429354284815
16.561416775269965
4.804485271091724
6.597354417810209
21.990021908628492
18.916391304356782
18.775141482788374
1.874817680930975
24.550916372207944
2.9303415414115044
14.4793029536259
24.64166333047327
1.7703261120150646
3.317952063286565
6.199740858158672
2.1411129292482776
8.616394475151496
66.57606463382925
0.6738999958748998
9.053466128594362
2.0867122673565865
7.835193304911657
4.589119041370818
12.344402727939727
2.9763507355177548
2.9576298482793955
8.010715637329131
10.63535857207632
28.463648937871504
3.628965179605284
1.1541492686126251
10.024924233661078
1.204791167549921
0.21480915523437252
16.00217766989314
9.146759672807157
0.5984410265001093
29.400643794955815
18.912939367786908
12.960765107737144
3.762103439891341
8.255197928051077
0.8570877210087079
7.622988370597598
23.999459157873616
24.736138198549533
27.014095465494915
7.308205333903639
13.799056479449716
16.07449277817258
13.08580467630706
16.08592450623362
16.970645724864916
14.167644295782937
20.222301017690235
10.836280607652107
3.808684980369819
1.1584728174577976
15.849367147319382
0.08805409452347597
12.19788454394543
2.9103273275800996
36.67052252118824
8.244101050577155
32.994269106300735
16.98878508227973
2.0246033388335665
1.8330813162722206
2.9504486749776864
15.317744869396893
12.157131960852684
20.610936188550607
5.157755923767943
5.430565310775965
0.9923780451084897
4.7262138685604675
4.706699338972563
19.08413060507128
4.4639508225212925
2.222312748148895
2.463002623743392
3.6079271523948004
5.209064202869664
3.676350631988149
7.520313834277097
4.829521949840149
13.361568812373726
0.9467816133905106
14.161261849204896
6.873278286496412
4.567604940931925
5.553851921962741
2.854417837910538
2.7415683572656895
23.113010954050793
1.8644162462662994
0.2218861859614556
12.932009925407442
12.818608810275908
11.28369079109673
21.54762903499405
0.8029166589110532
1.332907184322012
49.07917497514013
6.4707837974195845
15.883139800004955
1.5775249868787182
0.9583119076991302
4.990941633839022
6.071640712538722
12.69840282834124
32.420157766972125
6.185310930489637
1.0103282163593945
8.899839860068177
7.833053149704179
13.239504599357335
19.306589026297903
2.8905750458861466
5.1136228995989015
10.364288348788119
13.184132120937793
27.105596921654662
9.138255669602724
1.911926071351787
0.034650928903353535
5.142582479815511
9.831535031053939
12.038586785806816
8.633587095814123
0.5440687807691699
2.207099503984144
8.306012278490464
10.698901223617348
6.139732362854336
9.005630427934722
1.3868204227559755
3.1171004027905838
1.8468066206163964
9.46984440108409
5.013511617272554
13.766106136189231
2.0205234904539835
6.461814906505122
28.140774507401222
23.945159608111013
1.156457862387832
23.77679336593912
2.0467647772201474
7.8556684893432625
8.13437531082576
2.875826318658698
8.721894955301885
0.42901173444454926
19.11712809136964
20.39495751039059
7.47796147199235
2.6139320107134107
10.48707173070973
1.5058363033460263
4.284914318702359
1.339738165709109
6.267731127982838
1.1942902679675687
17.178886571531763
0.5147329789571344
9.249551624655863
6.978288133581545
1.7977592645890783
8.434606374909919
3.8918165827401747
17.369163482663815
7.6850268772715635
26.570603641912136
6.542905561764776
6.841468535060368
5.960081889926511
1.094041181748846
2.3090536857915973
4.755185181385565
7.725165974130857
2.44978882605944
6.352974543355318
9.673686623358256
6.62683216383197
51.47579619442151
11.493122525797574
14.69279737935847
15.764958321366617
30.501621770314237
12.252843273825418
36.319421854335005
6.503338379157814
5.147700045744067
19.49026948444596
8.776707898805677
7.307351672270478
16.91206732222463
11.382633810036582
16.529319757511093
2.82403684649744
22.896483025047857
4.852454437995347
37.26679678839949
8.533121651695035
10.6240280969588
0.03651939009227869
13.128606843545409
2.317086021771755
24.9768099247766
4.448277538444191
19.890533050518915
10.917893627591502
2.833462727224445
0.22799993112569017
10.01996543492857
1.234062464751024
11.3347940558644
6.076094362763595
3.6632557039043245
10.584389299426824
11.99481764755957
7.125376725180711
2.1855098498715675
12.959402252516268
18.694094056973576
5.685140529549378
15.460102335766743
0.5179720736062201
9.92599515177632
6.016762211238101
8.204370162694161
3.649694889540813
34.36792690578942
21.99221225460495
18.577612215703986
6.631711061978251
0.4888358770981124
11.046162271141835
6.656466959877148
12.017866087471953
6.046587274175423
19.808185431112474
3.517287659048247
12.442140778210831
8.452929497808855
14.067601729684739
1.3056991152533846
4.557153585689495
9.999657569168921
11.420436498499678
0.02758226250530884
6.44581079771436
4.892799900154691
9.284456809511646
2.1288752942606366
8.568200492232346
1.7401159997079285
1.7319142920225241
21.162791534636902
3.1886178508185283
1.2665726112712292
6.9407582031432185
2.3027640043154602
11.981680129693348
16.628470202441015
0.1748997331091431
10.328449351089402
18.475318426930677
6.596589058715894
7.371672595186568
0.39311540468706263
3.178113769533632
5.4673312281785265
1.6470848677010337
6.78826744865696
24.867550490005485
5.148926008514604
14.51194698498427
30.511069850879622
3.286993296167926
7.3960915761560875
1.2717524888698195
11.494888224850273
8.40884030440225
37.07584385225418
9.910388006955202
24.613212609934823
17.166615781147957
26.862459736836634
32.52504767075187
13.161698442076036
2.1411550147626714
5.9607920528121285
1.5075809593883265
15.714870043833775
1.1183586458002268
4.053802116933723
2.6978705319093494
11.874921180606542
28.276926444182223
1.0796087804260137
1.0302546763498928
14.786608903573041
6.423410668112275
9.875141654185887
21.623198154310476
13.705592322941344
1.808992753559975
11.763817472688062
7.027553600159595
0.9171237413019663
18.39924506820291
8.5115354237888
3.4721300009749294
0.14240159353511425
2.0005383077830268
19.570716497739326
7.8332905913849675
22.82670356398423
15.418225960265504
86.86522741688817
11.476375649046615
5.107147235739396
5.160450247800961
10.671547985835597
0.9692876055647043
23.663490669453374
2.1566385261479364
9.694094024926912
11.70484891445341
17.8482003663848
11.046903769063723
0.937301815668949
7.5744017983494185
0.5969597694787312
1.6039213037218871
2.477976353235428
14.463168394072966
1.9934354429853318
3.642402031478353
4.048212978808605
3.8693167365221335
5.280716063399209
6.908178680025068
13.545120261146673
13.939603523063354
15.635433930874454
2.8547628654033526
0.15311218891541895
9.611233309284833
0.09522795326614725
3.5055272849832098
8.37695171335389
15.216346514237031
4.335544948511467
3.1605987711568515
13.209392484491552
23.76026025980147
4.606894831987852
0.16950477136932016
44.19603584107881
4.098754432532651
8.43758484270258
1.4244383640570057
11.776716379540398
5.2894634042236275
21.817255427374445
3.2438000515008856
11.217418373613794
1.255470556814969
19.126074907750237
2.3133022490555586
1.3542750466907405
14.135331318096906
3.4541022359853226
5.982192565797224
10.55872691566517
0.9006464833903274
36.76699776870068
22.231630436839236
23.51457363085407
1.7845502100319148
31.861521182512654
4.91753157179598
0.7281204606616405
15.416696358799681
5.850844759917383
20.63701903458591
6.260236277481461
1.412633196603278
11.466162646086211
1.8871549938217367
15.37943387593361
18.335127920962286
0.1510755548264678
0.3293510087794696
51.141916339753735
4.957415365600955
2.9035102376614637
8.52007784390406
7.78144428919431
2.530936945927066
9.106434444290523
8.531171592373518
6.707506746284761
9.043338087381777
24.345201224578336
11.086421206077315
3.1387257282760475
11.821422958912793
6.609169823416322
11.060915563060584
1.2359737330303455
0.1733178002848129
8.066663519798581
15.460004685790116
15.75547127615913
6.8147631635436365
10.271080257792438
11.466501340267637
0.14282867335436816
2.6568871167037766
2.489885821505919
12.249705886259655
30.146419392414497
2.3648952804945784
7.542280486082561
15.29540872759024
5.76892005687472
7.9509028196934
3.258008427882339
17.38408490441138
26.66924812155049
4.911954422079109
10.109754165400005
7.093753218225279
24.101771698474423
10.644800078650007
3.9683576708288393
11.73654088956736
4.021441385368586
3.453819098862544
13.013596328956234
8.509235757678727
14.475426630354518
14.850932973639559
12.30779442459938
1.222980735946406
2.680573262595514
26.274782316023753
7.054874275775517
0.04838634584000183
2.918535849268829
3.1330464270109637
1.9405023112561572
14.721934337785513
3.7985614152575025
2.1245005607514527
1.5609163117807778
4.974437614388289
1.0468543869972529
6.769853085273859
1.1198926638462012
40.50390907890619
14.247266257234582
14.85479121603629
25.176214366868717
16.979485736250204
1.8376986792022845
4.111668258970972
3.4326646387926223
1.430269401064829
7.4437186663028845
2.060267254209073
22.935686605313922
15.111777425551384
10.203534090621298
14.652672980494943
2.1970155078378055
20.1220061066654
2.56756460833143
0.3427603776549667
5.225712826215885
1.8154921454525752
19.10926153244953
3.6659295105980636
2.9499124423584404
0.2589604022599818
10.70635804665743
5.116994642732302
12.800819870964062
0.8209262692528668
12.213658967639734
2.4736175322174514
7.407189001316637
0.11249511655881374
13.41178681754556
36.81229892530754
2.6464443977664494
0.8073297414393346
3.3364057458127028
25.225734242046016
17.150493427261143
43.18804227670547
5.406669715032527
3.287113479977157
0.08571813822843152
1.5917891491729532
1.0601356555687498
16.890178661818673
1.8198714684390636
1.2855039401661923
15.813135511254874
1.4652512684917431
7.05176833028186
5.928945903914288
1.1937072527456
9.096091843676428
1.274056711461252
15.923991512100844
6.947395266477239
2.4827756304722386
20.3274550194655
10.594124407381537
5.277166042190464
12.965953346082609
4.249351510878096
6.437372848924321
1.223789984112327
4.24867695331246
0.457266663466176
5.930163962017031
2.6783287393763366
9.29126135668729
7.337145742357681
10.185910241316307
1.4337050730551075
18.53053187277218
11.232711285075734
6.29388100161535
12.984574254002478
11.481300071149047
4.879194954764136
0.1304700841515457
15.10995915771483
1.5012024776514667
6.537071510251433
14.803972268647705
8.043043287355747
6.797650444394413
8.720437912509679
38.6538045916149
11.285262765867202
5.705818796369767
9.173105611294314
10.142785160494963
3.814036268707662
4.569547836563151
8.022719831777703
21.41895647137059
1.8013941112837588
0.8221435952994924
1.158606829473374
2.5582177098853416
5.349380104391978
3.7818205987854565
10.451589403531607
10.693692792890673
15.30749654335622
0.24684490457698702
10.848147888682151
6.173437265748109
12.522848216620412
4.059940857913903
3.0089196933662556
30.09024346318062
2.2522967593865237
6.511451522176534
56.80320679499993
1.559893451988613
2.7692772061784128
1.2962472358891144
8.00136063554078
11.836689595239356
9.703186072263192
9.780329544796068
13.933766906299097
1.499066335638475
13.886211550861711
31.600691640811537
1.7318904587371557
15.23308205764069
5.649388562880983
0.28907667896386163
16.886114841910835
1.8109429319204424
18.29549015543304
2.6958356866004958
27.74696678498991
3.8044561723750907
10.324185243665937
1.24132528136186
1.8407345604284207
7.531454316904231
0.2101642567644496
23.614198889514725
8.691127242124765
8.707093038094305
4.737216288731601
17.32593530474017
28.226772278250607
17.8151422992984
21.7556743907503
16.283626764192423
12.88326560166058
11.791063061954631
5.655357944228293
3.548308292790338
1.539295709246486
6.500447028702459
3.262993114280569
10.213889239428259
19.78437846673119
9.176503072599482
12.72096157124539
3.444158876187805
3.374489754693004
7.659401337748899
1.2065457230332979
1.2541584143868645
1.7787859784079076
21.50324399747506
0.8791157917881145
8.495102849428642
19.850938134003883
2.9135750927050457
3.106444153873374
5.893311298529099
0.38818841979250784
7.147254366474002
15.334152621022834
7.52209085456991
4.917574528680598
3.630767784280221
10.900347834216984
2.572838376445578
0.3535507456008229
7.179300529741246
11.122766215119844
15.74867913828216
6.727971147700726
8.147842026853613
6.628283738627042
6.665302736799546
5.266061461035083
2.729638614673437
18.013976691014996
7.601069879085937
2.6585111285659324
26.402454396613464
1.4494561748140327
3.7892900660332822
6.20076440489088
10.315910940038926
2.837146607331138
14.563571969685745
11.237973130095702
10.20553289506979
4.8039029535974045
4.960609736404052
6.439144717393427
14.701445707737069
11.345929391242748
18.239624446271495
4.075515506205816
25.512557348356925
16.49206226479769
4.532008934340558
18.50028709154328
4.809554431061662
25.12580437185866
23.302945394281053
0.7218652436056615
45.422589381307475
6.7681224101754065
19.679903008928108
13.455548359001291
5.338837403995812
0.7830039722812115
0.6385897102666698
8.0662434165325
17.657776261923722
8.13391534730004
8.864480613590205
5.18577641204388
11.456861233981412
6.466654571538919
7.219072412495219
4.040781805776725
1.3314109203996312
67.00211072953766
16.462889489503443
22.403202330101593
0.3530893154496213
6.172762923050826
18.130879124897422
1.8294891178511319
4.594986140696735
28.77189313373064
1.5936649739917477
21.347296978347625
20.890640300426263
0.8040465150911003
3.2268085276140015
1.4197157543831216
34.795525107353825
2.659268821376247
7.392823747553833
19.636360154270708
13.87533395715491
6.402570492559815
10.869030882468287
11.44771650541523
25.03838199702966
58.84676696456911
10.309644413087923
16.676017656815148
5.35688365999611
6.842056348578645
4.016959896556293
10.44947835579575
3.8393712120050214
9.343169365298575
4.572205925358045
2.4111357758599747
8.936206896760485
15.691533392869204
1.6214981247760734
22.313602188910487
18.286851874343743
1.9005026377872194
21.6043248208813
30.374899281822138
3.8888630654791125
5.513098069758179
8.015256295252755
0.6620758618085938
22.86572650291793
6.480624655775267
6.766209341803914
6.509286099752001
9.825526629241148
15.344946709877515
1.8359280193585457
11.723432975644608
1.5070291352023322
9.19768661836158E-4
5.705127664947234
3.905669784118393
20.270784076196474
4.11586063662327
5.996497170146444
8.209500234799826
7.092207425170894
5.901337589820216
0.8969934310824951
15.154723204633205
0.555574489050854
6.161805925155875
5.075327664589022
1.191404390486954
38.560250038607336
23.942289647298747
5.708387962374295
4.550451715647203
30.698644672273574
5.371193551810045
2.8726816457420448
3.5717897592721353
14.24301014905307
9.042255269637955
10.53460356000448
4.915047709282227
14.305265851470512
2.6551257368978702
15.438535461008398
1.5187485732271413
7.133458076628697
13.615087772603491
2.3069745341438677
12.792926049417705
12.37981325372438
0.22038513153532516
8.940826210349364
24.8950926401925
23.22192731232226
1.6506944491798006
16.35063920374683
9.566719931356705
18.125589446929094
55.88922424298404
5.099870253021632
13.77219464889115
8.333132440700325
6.158179230441449
1.3508703132571966
1.5073628258264882
16.95112380045765
2.778187052733946
5.306658029288106
45.34110117067779
2.732289686911735
0.93867022396024
1.150823485962664
9.083722106932967
8.30099298013277
77.97198887561704
2.0161299996722497
11.513940359914203
11.355809632190333
6.962412147194411
3.3928131611256274
57.56112996014594
0.2896826885371775
41.82575600690725
6.235707240795953
0.19470071472671352
10.039652583302596
1.742204986828271
5.538155719618335
5.663370154068669
4.558616852591993
0.4169423457961112
1.2856796449986494
7.2562028939778545
29.716086790165413
4.564675231077031
5.591196376405537
28.604268493473796
5.522796423212295
1.410377961169345
45.10336381447986
5.181573958916004
9.251103989640733
19.852518293682856
3.6161689242272734
2.340993835496029
2.525194798161405
6.212663153556023
3.5820610642514383
5.2641502889662135
2.7724804194912664
19.098604853967572
10.303739322330742
1.8303020234281833
19.940310409541603
2.97221291541577
0.454121595632756
23.520472626554994
7.0875586290690045
18.692421697354433
22.019609593846535
4.874648398669207
0.5297759247829732
6.151711874421478
4.764930552763749
1.6903960120035726
2.6983216537092676
6.640286870039837
4.650813871853273
15.425509241676735
1.7895718875389743
5.1033607698677566
40.580127561316715
1.1421020175076033
3.87507923786508
2.744523196557576
20.061416847114163
0.5935371797948648
7.9602047566702705
2.1262354591767743
29.034027193637524
29.54518868270725
16.259265244155653
10.161924979413348
1.7921012808649175
18.94328875162717
6.6877030737204635
4.99853495705957
8.744533724477735
4.914286208551284
6.938633324488123
5.576344932145664
24.83918640749046
8.747002176370396
0.030447531849369547
2.3509283888491037
3.501927087462689
5.136528509239038
2.617015194866495
17.348827510729265
12.771982303779533
6.367688657979096
5.968656359842345
2.989693369938766
4.063993585227726
19.939189509568212
5.758126092621719
13.593027157870612
2.532705498029111
0.920777822914291
8.372062098696752
11.581583916610041
1.0942776408230162
3.8733720867754484
15.329133355994927
11.332854234662852
12.616881881765972
8.616438784875125
5.686128924560125
1.6279216579252807
4.634223899402923
18.879985899960285
0.07431402041380872
9.438195073730482
6.638762343594595
4.1377450156745015
6.8954053671894275
31.29701531192739
6.850980007405035
12.457671745056622
1.194260980858543
1.337198635459538
22.412804600821627
15.195996974713728
9.918844433359698
4.571498149860367
8.279800099546318
3.5789163090308134
12.015982214191334
9.463579746942335
33.359421244774566
6.670148570367905
19.792298430951135
20.2571173517708
0.28385474776244396
7.808996885014253
